ts,model,prompt_tok,completion_tok,total_tok,usd_cost
2025-06-21T19:20:39Z,gpt-4o-mini,48,7,55,0.00016
